Stop Position
Stop Position
Stop Position
Stop Position
Stop Position
Stop Position
Stop Position
2009-03-31 오후 8:55:31,0.0006116983,-0.0007882897,0.0005577498,-0.0008273394,3.753569E-06,-4.837188E-06,3.422525E-06,-5.07681E-06,1,1,1863,0,33.19247,-0.0009977852,-6.122718E-06
2009-03-31 오후 8:55:32,0.001163168,-0.001498963,0.001060583,-0.001573218,1.945025E-05,-2.506535E-05,1.773484E-05,-2.630702E-05,2,1,1863,0,37.03724,-0.001897327,-3.172671E-05
2009-03-31 오후 8:55:32,0.001610241,-0.002075102,0.001468226,-0.002177897,5.61269E-05,-7.233019E-05,5.117681E-05,-7.591324E-05,3,1,1863,0,39.1178,-0.00262658,-9.155264E-05
2009-03-31 오후 8:55:32,0.002346412,-0.003023798,0.002139471,-0.003173589,0.0001193682,-0.0001538286,0.0001088406,-0.0001614489,4,1,1832,0,44.76257,-0.003827402,-0.0001947101
2009-03-31 오후 8:55:32,0.003014323,-0.003884529,0.002748477,-0.004076959,0.0002108005,-0.0002716566,0.0001922091,-0.0002851138,5,1,1832,0,48.64884,-0.004916881,-0.000343852
2009-03-31 오후 8:55:32,0.003626022,-0.004672819,0.003306227,-0.004904298,0.0003319423,-0.0004277708,0.0003026668,-0.0004489615,6,1,1832,0,51.50451,-0.005914666,-0.0005414551
2009-03-31 오후 8:55:32,0.004016881,-0.005176516,0.003662614,-0.005432947,0.0004841525,-0.0006239227,0.0004414529,-0.0006548301,7,1,1832,0,52.44803,-0.006552225,-0.0007897362
2009-03-31 오후 8:55:32,0.004319405,-0.005566376,0.003938457,-0.005842119,0.0006670503,-0.0008596213,0.0006082201,-0.0009022047,8,1,1832,0,52.88632,-0.007045694,-0.001088074
2009-03-31 오후 8:55:32,0.004658066,-0.006002805,0.004247251,-0.006300168,0.0008776045,-0.001130961,0.0008002046,-0.001186985,9,1,1832,0,53.41706,-0.007598109,-0.001431524
2009-03-31 오후 8:55:32,0.004868239,-0.006273653,0.004438887,-0.006584433,0.001111095,-0.001431858,0.001013103,-0.001502788,10,1,1832,0,53.4566,-0.007940938,-0.001812388
2009-03-31 오후 8:55:32,0.004865604,-0.006270258,0.004436485,-0.00658087,0.001362734,-0.001756143,0.001242549,-0.001843137,11,2,1832,0,53.3887,-0.00793664,-0.002222855
2009-03-31 오후 8:55:32,0.004545764,-0.005858083,0.004144853,-0.006148277,0.001627592,-0.002097462,0.001484047,-0.002201364,12,2,1832,0,54.72359,-0.007414926,-0.002654882
2009-03-31 오후 8:55:32,0.003952887,-0.005094049,0.003604265,-0.005346394,0.001898848,-0.002447028,0.00173138,-0.002568247,13,2,1832,0,58.44327,-0.006447841,-0.003097349
2009-03-31 오후 8:55:32,0.002902271,-0.00374013,0.002646308,-0.003925406,0.002166326,-0.002791723,0.001975268,-0.002930018,14,2,1832,0,67.86458,-0.004734106,-0.00353365
2009-03-31 오후 8:55:32,0.001474222,-0.001899817,0.001344205,-0.001993929,0.002416222,-0.003113762,0.002203124,-0.00326801,15,2,1832,0,81.8093,-0.002404712,-0.003941274
2009-03-31 오후 8:55:32,-0.0004517179,0.0005821233,-0.0004118776,0.0006109602,0.002631659,-0.003391394,0.002399561,-0.003559394,16,2,1832,0,101.7528,0.0007368277,-0.004292689
2009-03-31 오후 8:55:32,-0.002433871,0.003136506,-0.002219216,0.00329188,0.002793785,-0.003600325,0.002547389,-0.003778675,17,2,1832,0,118.8044,0.003970062,-0.004557145
2009-03-31 오후 8:55:32,-0.004412009,0.005685714,-0.004022893,0.005967368,0.002884119,-0.003716737,0.002629756,-0.003900854,18,2,1832,0,133.218,0.007196746,-0.004704496
2009-03-31 오후 8:55:32,-0.006558789,0.008452248,-0.005980338,0.008870949,0.0028875,-0.003721094,0.002632838,-0.003905427,19,2,1832,0,148.0256,0.01069851,-0.004710011
2009-03-31 오후 8:55:32,-0.008910345,0.01148268,-0.008124501,0.0120515,0.002793505,-0.003599963,0.002547133,-0.003778295,20,2,1832,0,163.6554,0.01453431,-0.004556688
2009-03-31 오후 8:55:32,-0.01119364,0.01442514,-0.01020642,0.01513972,0.002595223,-0.003344439,0.002366338,-0.003510114,21,2,1832,0,176.6559,0.01825876,-0.004233256
2009-03-31 오후 8:55:32,-0.01335247,0.0172072,-0.01217485,0.01805959,0.002287532,-0.00294792,0.002085783,-0.003093952,22,2,1832,0,187.0587,0.02178017,-0.003731358
2009-03-31 오후 8:55:32,-0.01541091,0.01985989,-0.01405175,0.0208437,0.001867183,-0.002406221,0.001702507,-0.002525419,23,2,1832,0,195.6098,0.02513785,-0.003045697
2009-03-31 오후 8:55:32,-0.01750148,0.02255399,-0.01595794,0.02367125,0.001333808,-0.001718866,0.001216173,-0.001804014,24,2,1832,0,203.778,0.02854792,-0.002175671
2009-03-31 오후 8:55:32,-0.01971652,0.02540848,-0.01797763,0.02666715,0.0006893232,-0.0008883243,0.0006285282,-0.0009323296,25,2,1832,0,212.385,0.03216103,-0.001124405
2009-03-31 오후 8:55:32,-0.02176693,0.02805083,-0.0198472,0.02944039,-6.417924E-05,8.270709E-05,-5.851936E-05,8.680398E-05,26,2,1832,0,219.0593,0.03550561,0.0001046873
2009-03-31 오후 8:55:32,-0.02345998,0.03023266,-0.02139094,0.0317303,-0.0009251864,0.001192279,-0.0008435904,0.001251341,27,2,1832,0,222.936,0.03826727,0.001509138
2009-03-31 오후 8:55:32,-0.02528153,0.03258006,-0.02305183,0.03419399,-0.001891372,0.002437393,-0.001724564,0.002558135,28,2,1832,0,227.2369,0.04123852,0.003085154
2009-03-31 오후 8:55:32,-0.02667745,0.03437898,-0.02432465,0.03608202,-0.002957932,0.003811858,-0.002697059,0.004000688,29,2,1832,0,229.1848,0.04351552,0.004824896
2009-03-31 오후 8:55:32,-0.02788065,0.03592952,-0.02542173,0.03770938,-0.004117461,0.005306133,-0.003754324,0.005568984,30,2,1832,0,230.2691,0.04547814,0.006716288
2009-03-31 오후 8:55:32,-0.02914407,0.03755768,-0.02657372,0.03941819,-0.005361145,0.006908856,-0.004888322,0.007251102,31,2,1832,0,231.4063,0.047539,0.008744951
2009-03-31 오후 8:55:32,-0.02989756,0.0385287,-0.02726076,0.04043731,-0.00667959,0.008607924,-0.006090487,0.009034337,32,2,1832,0,231.2216,0.04876807,0.01089556
2009-03-31 오후 8:55:33,-0.03084779,0.03975325,-0.02812719,0.04172253,-0.008063538,0.0103914,-0.007352379,0.01090617,33,2,1832,0,231.3227,0.05031806,0.01315302
2009-03-31 오후 8:55:33,-0.03106323,0.04003089,-0.02832363,0.04201392,-0.009503725,0.01224736,-0.00866555,0.01285406,34,2,1832,0,231.0667,0.05066949,0.01550221
2009-03-31 오후 8:55:33,-0.03037123,0.03913911,-0.02769266,0.04107796,-0.0109887,0.01416103,-0.01001956,0.01486253,35,3,1832,0,233.4897,0.04954071,0.01792446
2009-03-31 오후 8:55:33,-0.02910103,0.03750222,-0.02653448,0.03935998,-0.01250125,0.01611024,-0.01139871,0.0169083,36,3,1699,0,239.1468,0.0474688,0.02039169
2009-03-31 오후 8:55:33,-0.02718036,0.03502707,-0.0247832,0.03676222,-0.01401592,0.01806218,-0.01277979,0.01895694,37,3,1537,0,249.7079,0.04433585,0.02286238
2009-03-31 오후 8:55:33,-0.02413944,0.03110826,-0.02201047,0.03264929,-0.0155001,0.01997484,-0.01413308,0.02096434,38,3,1258,0,271.2641,0.03937558,0.02528334
2009-03-31 오후 8:55:33,-0.02050827,0.02642881,-0.01869955,0.02773803,-0.01691689,0.02180064,-0.01542491,0.02288058,39,3,1111,0,297.7759,0.03345252,0.02759436
2009-03-31 오후 8:55:33,-0.01732681,0.02232889,-0.01579868,0.02343502,-0.01822894,0.02349146,-0.01662125,0.02465516,40,3,1111,0,316.49,0.02826302,0.02973454
2009-03-31 오후 8:55:33,-0.01414937,0.01823415,-0.01290147,0.01913743,-0.01940431,0.02500615,-0.01769296,0.02624489,41,3,1111,0,333.6471,0.02308006,0.03165178
2009-03-31 오후 8:55:33,-0.01106428,0.01425842,-0.01008847,0.01496476,-0.02042271,0.02631856,-0.01862154,0.02762231,42,3,1111,0,348.6891,0.01804774,0.03331297
2009-03-31 오후 8:55:33,-0.008489119,0.01093985,-0.007740427,0.01148178,-0.02127784,0.02742055,-0.01940125,0.02877889,43,3,1111,0,358.6875,0.01384722,0.03470783
2009-03-31 오후 8:55:33,-0.006359656,0.008195627,-0.005798771,0.008601625,-0.02197448,0.02831831,-0.02003646,0.02972112,44,3,1111,0,365.2758,0.0103737,0.03584417
2009-03-31 오후 8:55:33,-0.004394818,0.00566356,-0.004007221,0.005944125,-0.02252424,0.02902678,-0.02053773,0.03046469,45,3,1111,0,370.6645,0.007168708,0.03674092
2009-03-31 오후 8:55:33,-0.00281946,0.003633411,-0.0025708,0.003813408,-0.02294258,0.02956588,-0.02091917,0.0310305,46,3,1111,0,374.0167,0.004599027,0.0374233
2009-03-31 오후 8:55:33,-0.001420773,0.001830936,-0.00129547,0.001921644,-0.02324644,0.02995746,-0.02119623,0.03144148,47,3,1111,0,376.5645,0.002317527,0.03791894
2009-03-31 오후 8:55:33,-0.000242924,0.0003130535,-0.0002215009,0.0003285696,-0.02345194,0.03022229,-0.02138361,0.03171943,48,3,1111,0,378.2896,0.0003962533,0.03825416
2009-03-31 오후 8:55:33,0.0002483167,-0.0003200037,0.0002264151,-0.0003358476,-0.02357394,0.03037952,-0.02149485,0.03188444,49,3,1111,0,378.5596,-0.0004050449,0.03845317
2009-03-31 오후 8:55:33,-0.0003044077,0.000392287,-0.0002775621,0.0004117281,-0.0236288,0.0304502,-0.02154487,0.03195863,50,4,1111,0,378.9765,0.0004965439,0.03854264
2009-03-31 오후 8:55:33,-0.001507603,0.001942833,-0.001374642,0.002039084,-0.02363868,0.03046294,-0.02155388,0.031972,51,4,1111,0,380.8685,0.002459162,0.03855877
2009-03-31 오후 8:55:33,-0.003899312,0.005025006,-0.003555415,0.005273939,-0.02363458,0.03045765,-0.02155014,0.03196645,52,4,1111,0,388.0113,0.006360452,0.03855207
2009-03-31 오후 8:55:33,-0.006925431,0.008924736,-0.006314647,0.009366851,-0.02365554,0.03048467,-0.02156926,0.03199481,53,4,1111,0,398.8993,0.01129657,0.03858627
2009-03-31 오후 8:55:33,-0.01021656,0.01316598,-0.009315513,0.01381819,-0.02374427,0.03059901,-0.02165016,0.03211481,54,4,1111,0,411.0628,0.01666497,0.038731
2009-03-31 오후 8:55:33,-0.01376466,0.01773838,-0.01255069,0.0186171,-0.02394089,0.0308524,-0.02182944,0.03238075,55,4,1111,0,424.3825,0.02245253,0.03905173
2009-03-31 오후 8:55:33,-0.01770224,0.0228127,-0.016141,0.02394279,-0.02427804,0.03128688,-0.02213685,0.03283675,56,4,1111,0,439.8493,0.0288754,0.03960167
2009-03-31 오후 8:55:33,-0.02166391,0.02791807,-0.01975327,0.02930107,-0.02477945,0.03193304,-0.02259404,0.03351492,57,4,1111,0,454.4338,0.03533757,0.04041956
2009-03-31 오후 8:55:33,-0.02538467,0.03271297,-0.02314588,0.0343335,-0.02546126,0.03281169,-0.02321572,0.03443709,58,4,1111,0,466.2654,0.04140677,0.04153171
2009-03-31 오후 8:55:33,-0.02863564,0.03690247,-0.02611013,0.03873053,-0.02633254,0.03393449,-0.02401016,0.03561551,59,4,1111,0,474.3743,0.04670966,0.04295291
2009-03-31 오후 8:55:33,-0.03163365,0.04076598,-0.02884374,0.04278543,-0.02739412,0.03530254,-0.02497811,0.03705133,60,4,1111,0,480.6195,0.05159994,0.04468453
2009-03-31 오후 8:55:33,-0.03445098,0.04439664,-0.03141259,0.04659594,-0.02863842,0.03690606,-0.02611267,0.03873429,61,4,1111,0,485.2836,0.05619548,0.04671421
2009-03-31 오후 8:55:33,-0.03675837,0.04737015,-0.03351648,0.04971675,-0.03005214,0.03872791,-0.02740171,0.04064638,62,4,1111,0,487.732,0.05995923,0.04902022
2009-03-31 오후 8:55:34,-0.0388931,0.05012117,-0.03546294,0.05260404,-0.03161986,0.04074821,-0.02883116,0.04276676,63,4,1111,0,489.1616,0.06344135,0.05157744
2009-03-31 오후 8:55:34,-0.0401244,0.05170793,-0.03658565,0.05426941,-0.03332511,0.04294575,-0.03038602,0.04507317,64,4,1111,0,488.3647,0.06544982,0.054359
2009-03-31 오후 8:55:34,-0.04038401,0.05204249,-0.03682236,0.05462055,-0.03514808,0.045295,-0.03204822,0.04753879,65,4,1111,0,486.9622,0.06587329,0.05733259
2009-03-31 오후 8:55:34,-0.04027824,0.05190618,-0.03672592,0.05447748,-0.03706291,0.04776262,-0.03379417,0.05012865,66,5,1111,0,486.0989,0.06570075,0.060456
2009-03-31 오후 8:55:34,-0.03914857,0.05045039,-0.03569588,0.05294957,-0.03903717,0.05030682,-0.0355943,0.05279889,67,5,1111,0,488.0418,0.06385807,0.06367635
2009-03-31 오후 8:55:34,-0.03757723,0.04842542,-0.03426312,0.05082429,-0.04103459,0.05288088,-0.03741556,0.05550046,68,5,1111,0,490.9918,0.06129494,0.06693449
2009-03-31 오후 8:55:34,-0.03594566,0.04632283,-0.03277545,0.04861754,-0.04301944,0.05543874,-0.03922536,0.05818503,69,5,1111,0,494.3396,0.05863357,0.07017212
2009-03-31 오후 8:55:34,-0.03426591,0.04415814,-0.03124384,0.04634563,-0.04496089,0.05794067,-0.04099558,0.06081089,70,5,1111,0,497.9826,0.0558936,0.07333896
2009-03-31 오후 8:55:34,-0.02897242,0.03733648,-0.02641721,0.03918604,-0.04683155,0.06035137,-0.04270126,0.06334101,71,5,697,0,529.3934,0.04725902,0.07639033
2009-03-31 오후 8:55:34,-0.02961348,0.03816261,-0.02700173,0.04005309,-0.04860664,0.06263891,-0.0443198,0.06574187,72,6,697,0,528.7826,0.0483047,0.0792858
2009-03-31 오후 8:55:34,-0.02838745,0.03658263,-0.02588383,0.03839485,-0.05027087,0.06478358,-0.04583725,0.06799278,73,7,697,0,530.9016,0.04630483,0.08200044
2009-03-31 오후 8:55:34,-0.02669967,0.0344076,-0.0243449,0.03611207,-0.05182756,0.06678967,-0.04725664,0.07009825,74,7,697,0,534.8086,0.04355176,0.08453967
2009-03-31 오후 8:55:34,-0.02550977,0.0328742,-0.02325995,0.03450271,-0.05329638,0.06868253,-0.04859593,0.07208488,75,7,697,0,537.1324,0.04161084,0.08693557
2009-03-31 오후 8:55:34,-0.0247214,0.03185823,-0.02254111,0.03343641,-0.05469576,0.07048589,-0.04987188,0.07397757,76,7,697,0,538.5304,0.04032487,0.08921819
2009-03-31 오후 8:55:34,-0.02422615,0.03122,-0.02208953,0.03276657,-0.05603482,0.07221153,-0.05109285,0.0757887,77,7,697,0,539.3135,0.03951702,0.09140244
2009-03-31 오후 8:55:34,-0.02410029,0.03105781,-0.02197478,0.03259635,-0.05731996,0.07386768,-0.05226465,0.07752688,78,7,697,0,539.2472,0.03931173,0.09349872
2009-03-31 오후 8:55:34,-0.0239383,0.03084906,-0.02182707,0.03237725,-0.0585626,0.07546905,-0.05339769,0.07920759,79,7,697,0,538.6079,0.0390475,0.09552568
2009-03-31 오후 8:55:34,-0.02361169,0.03042815,-0.02152926,0.03193549,-0.05977735,0.0770345,-0.05450531,0.08085058,80,7,697,0,536.9021,0.03851473,0.09750716
2009-03-31 오후 8:55:34,-0.02336136,0.03010556,-0.02130101,0.03159692,-0.06097452,0.07857728,-0.0555969,0.08246978,81,7,697,0,534.7966,0.03810641,0.09945995
2009-03-31 오후 8:55:34,-0.02309497,0.02976227,-0.02105812,0.03123663,-0.06215855,0.08010313,-0.0566765,0.08407122,82,7,697,0,532.5695,0.03767189,0.1013913
2009-03-31 오후 8:55:34,-0.02270813,0.02926375,-0.0207054,0.03071341,-0.06332982,0.08161252,-0.05774446,0.08565538,83,7,697,0,529.7591,0.03704088,0.1033018
2009-03-31 오후 8:55:34,-0.0223775,0.02883767,-0.02040393,0.03026622,-0.06448706,0.08310385,-0.05879964,0.08722059,84,7,697,0,525.9225,0.03650156,0.1051895
2009-03-31 오후 8:55:34,-0.02198664,0.02833397,-0.02004754,0.02973758,-0.0656288,0.0845752,-0.05984069,0.08876482,85,7,697,0,522.1802,0.03586401,0.1070519
2009-03-31 오후 8:55:34,-0.02159177,0.0278251,-0.01968749,0.0292035,-0.06675365,0.08602478,-0.06086633,0.09028621,86,7,697,0,518.6932,0.0352199,0.1088867
2009-03-31 오후 8:55:34,-0.02124508,0.02737832,-0.01937138,0.02873459,-0.06786041,0.08745105,-0.06187548,0.09178314,87,7,697,0,515.3304,0.03465438,0.110692
2009-03-31 오후 8:55:34,-0.02081005,0.02681771,-0.01897472,0.0281462,-0.06894827,0.08885296,-0.0628674,0.09325449,88,7,697,0,511.7252,0.03394478,0.1124665
2009-03-31 오후 8:55:34,-0.02036699,0.02624674,-0.01857073,0.02754695,-0.07001666,0.09022979,-0.06384157,0.09469952,89,7,697,0,507.4022,0.03322208,0.1142092
2009-03-31 오후 8:55:34,-0.02003636,0.02582066,-0.01826927,0.02709977,-0.07106508,0.09158088,-0.06479752,0.09611754,90,7,697,0,503.438,0.03268276,0.1159194
2009-03-31 오후 8:55:34,-0.01964149,0.02531179,-0.01790922,0.02656569,-0.07209317,0.09290577,-0.06573494,0.09750807,91,7,697,0,500.6469,0.03203865,0.1175964
2009-03-31 오후 8:55:34,-0.01933896,0.02492193,-0.01763337,0.02615651,-0.07310113,0.0942047,-0.066654,0.09887135,92,7,697,0,497.1986,0.03154518,0.1192405
2009-03-31 오후 8:55:35,-0.019185,0.02472353,-0.01749299,0.02594828,-0.07409001,0.09547907,-0.06755567,0.1002088,93,7,697,0,495.0005,0.03129405,0.1208536
2009-03-31 오후 8:55:35,-0.01892665,0.02439059,-0.01725742,0.02559885,-0.07506176,0.09673136,-0.06844172,0.1015232,94,7,697,0,493.2781,0.03087263,0.1224387
2009-03-31 오후 8:55:35,-0.01873655,0.02414561,-0.01708409,0.02534174,-0.07601878,0.09796466,-0.06931433,0.1028176,95,7,697,0,491.3094,0.03056255,0.1239997
2009-03-31 오후 8:55:35,-0.0185063,0.02384889,-0.01687415,0.02503032,-0.07696316,0.09918167,-0.07017542,0.1040949,96,7,697,0,490.4706,0.03018697,0.1255402
2009-03-31 오후 8:55:35,-0.01819173,0.02344351,-0.01658732,0.02460485,-0.07789595,0.1003837,-0.07102594,0.1053565,97,7,697,0,489.2051,0.02967385,0.1270617
2009-03-31 오후 8:55:35,-0.01794141,0.02312092,-0.01635907,0.02426628,-0.07881707,0.1015708,-0.07186583,0.1066023,98,7,697,0,489.0355,0.02926553,0.1285642
2009-03-31 오후 8:55:35,-0.01773124,0.02285007,-0.01616744,0.02398202,-0.07972582,0.1027419,-0.07269444,0.1078315,99,7,697,0,488.7968,0.0289227,0.1300465
2009-03-31 오후 8:55:35,-0.01746083,0.0225016,-0.01592088,0.02361629,-0.08062166,0.1038964,-0.07351127,0.1090431,100,7,697,0,487.6444,0.02848163,0.1315078
2009-03-31 오후 8:55:35,-0.01722657,0.02219971,-0.01570728,0.02329944,-0.08150457,0.1050342,-0.07431631,0.1102373,101,7,697,0,484.5891,0.0280995,0.132948
2009-03-31 오후 8:55:35,-0.01708064,0.02201165,-0.01557422,0.02310207,-0.08237496,0.1061558,-0.07510993,0.1114145,102,7,697,0,476.0577,0.02786147,0.1343677
2009-03-31 오후 8:55:35,-0.01689456,0.02177185,-0.01540455,0.02285039,-0.08323353,0.1072622,-0.07589278,0.1125757,103,7,697,0,463.0792,0.02755794,0.1357682
2009-03-31 오후 8:55:35,-0.01667636,0.02149066,-0.01520559,0.02255526,-0.08408115,0.1083546,-0.07666564,0.1137222,104,7,697,0,452.6261,0.02720201,0.1371508
2009-03-31 오후 8:55:35,-0.01648626,0.02124568,-0.01503226,0.02229815,-0.08491862,0.1094338,-0.07742924,0.1148549,105,7,697,0,441.6382,0.02689193,0.1385169
2009-03-31 오후 8:55:35,-0.01632025,0.02103175,-0.01488089,0.02207362,-0.0857463,0.1105004,-0.07818393,0.1159743,106,7,697,0,430.7105,0.02662115,0.139867
2009-03-31 오후 8:55:35,-0.0161141,0.02076608,-0.01469292,0.02179479,-0.08656423,0.1115545,-0.07892972,0.1170806,107,7,697,0,422.6862,0.02628487,0.1412012
2009-03-31 오후 8:55:35,-0.01586377,0.02044349,-0.01446467,0.02145622,-0.08737233,0.1125959,-0.07966655,0.1181736,108,7,697,0,416.944,0.02587654,0.1425193
2009-03-31 오후 8:55:35,-0.01561345,0.02012089,-0.01423642,0.02111765,-0.08817033,0.1136243,-0.08039417,0.1192529,109,7,697,0,411.8537,0.02546822,0.143821
2009-03-31 오후 8:55:35,-0.01535509,0.01978795,-0.01400085,0.02076821,-0.08895751,0.1146387,-0.08111193,0.1203176,110,7,697,0,408.4225,0.0250468,0.145105
2009-03-31 오후 8:55:35,-0.01513689,0.01950676,-0.01380189,0.02047309,-0.089733,0.1156381,-0.08181903,0.1213665,111,7,697,0,405.5733,0.02469087,0.14637
2009-03-31 오후 8:55:35,-0.01500702,0.0193394,-0.01368348,0.02029744,-0.09049636,0.1166218,-0.08251506,0.1223989,112,7,697,0,403.3728,0.02447903,0.1476151
2009-03-31 오후 8:55:35,-0.01486912,0.01916169,-0.01355774,0.02011092,-0.09124811,0.1175906,-0.08320051,0.1234157,113,7,697,0,402.9076,0.0242541,0.1488414
2009-03-31 오후 8:55:35,-0.0147272,0.01897881,-0.01342834,0.01991898,-0.09198962,0.1185461,-0.08387662,0.1244186,114,7,697,0,402.95,0.02402261,0.1500509
2009-03-31 오후 8:55:35,-0.01459734,0.01881145,-0.01330993,0.01974333,-0.09272244,0.1194905,-0.08454481,0.1254098,115,7,697,0,401.917,0.02381077,0.1512463
2009-03-31 오후 8:55:35,-0.01441928,0.01858199,-0.01314758,0.01950251,-0.09344764,0.1204251,-0.08520605,0.1263906,116,7,697,0,396.1602,0.02352034,0.1524292
2009-03-31 오후 8:55:35,-0.01424926,0.01836289,-0.01299256,0.01927255,-0.0941655,0.1213502,-0.0858606,0.1273615,117,7,697,0,385.953,0.02324301,0.1536002
2009-03-31 오후 8:55:35,-0.01412743,0.01820588,-0.01288146,0.01910776,-0.09487581,0.1222655,-0.08650826,0.1283222,118,7,697,0,372.9034,0.02304427,0.1547588
2009-03-31 오후 8:55:35,-0.01402968,0.01807991,-0.01279234,0.01897556,-0.09557836,0.1231709,-0.08714885,0.1292725,119,7,697,0,356.5054,0.02288483,0.1559048
2009-03-31 오후 8:55:35,-0.01388375,0.01789186,-0.01265928,0.01877819,-0.09627341,0.1240666,-0.0877826,0.1302125,120,7,697,0,334.4709,0.02264679,0.1570385
2009-03-31 오후 8:55:35,-0.01371775,0.01767793,-0.01250791,0.01855366,-0.09696144,0.1249533,-0.08840995,0.1311431,121,7,697,0,309.7601,0.02237601,0.1581608
2009-03-31 오후 8:55:35,-0.01353568,0.0174433,-0.0123419,0.01830741,-0.09764265,0.1258311,-0.08903107,0.1320645,122,7,697,0,285.3007,0.02207903,0.159272
2009-03-31 오후 8:55:36,-0.01329338,0.01713105,-0.01212098,0.0179797,-0.09831649,0.1266995,-0.08964548,0.1329759,123,7,697,0,264.1439,0.0216838,0.1603711
2009-03-31 오후 8:55:36,-0.01311533,0.0169016,-0.01195863,0.01773888,-0.09898191,0.127557,-0.09025221,0.1338759,124,7,697,0,243.8514,0.02139337,0.1614565
2009-03-31 오후 8:55:36,-0.01292122,0.01665145,-0.01178164,0.01747633,-0.09963787,0.1284024,-0.09085032,0.1347631,125,7,697,0,223.5644,0.02107674,0.1625265
2009-03-31 오후 8:55:36,-0.01268695,0.01634955,-0.01156803,0.01715948,-0.1002838,0.1292347,-0.09143924,0.1356367,126,7,697,0,207.6522,0.02069461,0.1635801
2009-03-31 오후 8:55:36,-0.01252898,0.01614597,-0.01142399,0.01694582,-0.1009194,0.1300538,-0.09201878,0.1364963,127,7,697,0,192.2913,0.02043693,0.1646168
2009-03-31 오후 8:55:36,-0.01235093,0.01591652,-0.01126164,0.016705,-0.1015448,0.1308597,-0.09258902,0.1373422,128,7,697,0,185.4234,0.0201465,0.165637
2009-03-31 오후 8:55:36,-0.01217689,0.01569224,-0.01110296,0.01646961,-0.1021602,0.1316529,-0.09315023,0.1381747,129,7,697,0,184.3319,0.01986261,0.1666409
2009-03-31 오후 8:55:36,-0.01202293,0.01549384,-0.01096258,0.01626138,-0.1027663,0.1324339,-0.0937028,0.1389943,130,7,697,0,184.2534,0.01961148,0.1676295
2009-03-31 오후 8:55:36,-0.01191314,0.01535235,-0.01086247,0.01611288,-0.1033634,0.1332034,-0.09424724,0.1398019,131,7,697,0,183.252,0.01943239,0.1686035
2009-03-31 오후 8:55:36,-0.01175517,0.01514877,-0.01071842,0.01589921,-0.1039522,0.1339622,-0.09478412,0.1405983,132,7,697,0,179.8557,0.01917471,0.1695639
2009-03-31 오후 8:55:36,-0.01152492,0.01485205,-0.01050848,0.01558779,-0.1045331,0.1347108,-0.09531384,0.1413841,133,7,697,0,175.7431,0.01879913,0.1705115
2009-03-31 오후 8:55:36,-0.01136293,0.01464329,-0.01036078,0.0153687,-0.1051062,0.1354494,-0.09583639,0.1421592,134,7,697,0,171.0675,0.0185349,0.1714464
2009-03-31 오후 8:55:36,-0.01120094,0.01443454,-0.01021308,0.0151496,-0.105671,0.1361772,-0.09635133,0.142923,135,7,697,0,72.7562,0.01827066,0.1723675
2009-03-31 오후 8:55:36,-0.01097872,0.01414817,-0.01001045,0.01484905,-0.1062267,0.1368934,-0.09685809,0.1436747,136,7,697,0,66.83657,0.01790819,0.1732741
2009-03-31 오후 8:55:36,-0.01076453,0.01387215,-0.009815156,0.01455935,-0.1067732,0.1375976,-0.09735633,0.1444138,137,7,697,0,60.0862,0.01755881,0.1741654
2009-03-31 오후 8:55:36,-0.01062262,0.01368926,-0.009685759,0.01436741,-0.10731,0.1382894,-0.09784583,0.1451399,138,7,697,0,40.72026,0.01732732,0.1750411
Stop Position
2009-03-31 오후 8:55:39,-0.009591632,0.01252803,-0.008806446,0.01308749,-0.1073055,0.1382843,-0.09784202,0.1451343,1,1,1735,0,37.4142,-0.001552861,-6.735325E-06
2009-03-31 오후 8:55:39,-0.008391059,0.01117579,-0.007782493,0.01159704,-0.1072852,0.1382615,-0.09782469,0.1451091,2,1,1696,0,50.41399,-0.003361155,-3.734231E-05
2009-03-31 오후 8:55:39,-0.007299197,0.009945999,-0.006851259,0.01024154,-0.1072334,0.138203,-0.09778045,0.1450447,3,1,1696,0,58.73374,-0.00500571,-0.0001154542
2009-03-31 오후 8:55:39,-0.006037747,0.008525191,-0.005775385,0.008675515,-0.1071359,0.1380933,-0.09769733,0.1449237,4,1,1682,0,68.10444,-0.006905697,-0.0002622455
2009-03-31 오후 8:55:39,-0.004458862,0.006746846,-0.004428774,0.006715405,-0.1069839,0.137922,-0.09756768,0.144735,5,1,1609,0,80.44796,-0.009283803,-0.0004912019
2009-03-31 오후 8:55:39,-0.003075656,0.0051889,-0.003249056,0.004998222,-0.1067709,0.1376821,-0.097386,0.1444705,6,1,1609,0,88.24955,-0.01136718,-0.0008120537
2009-03-31 오후 8:55:39,-0.002127292,0.00412073,-0.002440209,0.003820874,-0.1064923,0.1373683,-0.0971484,0.1441247,7,1,1609,0,91.23049,-0.0127956,-0.00123167
2009-03-31 오후 8:55:39,-0.001026733,0.002881138,-0.001501557,0.002454584,-0.1061466,0.1369789,-0.09685352,0.1436955,8,1,1609,0,95.13869,-0.01445325,-0.001752406
2009-03-31 오후 8:55:39,-0.0006784518,0.002488859,-0.001204512,0.002022209,-0.1057372,0.1365178,-0.09650437,0.1431872,9,1,1609,0,95.04472,-0.01497783,-0.002369016
2009-03-31 오후 8:55:39,-0.001221597,0.003100619,-0.001667753,0.002696498,-0.1052743,0.1359964,-0.09610958,0.1426126,10,2,1609,0,97.01452,-0.01415975,-0.003066212
2009-03-31 오후 8:55:39,-0.001982164,0.003957267,-0.00231643,0.003640704,-0.1047752,0.1354343,-0.09568391,0.141993,11,2,1609,0,100.3834,-0.01301419,-0.003817931
2009-03-31 오후 8:55:39,-0.004325557,0.006596699,-0.004315079,0.006549913,-0.1042652,0.1348598,-0.09524891,0.1413598,12,2,1609,0,122.8066,-0.009484587,-0.004586145
2009-03-31 오후 8:55:40,-0.007551679,0.01023038,-0.007066596,0.01055499,-0.1037778,0.1343109,-0.09483321,0.1407547,13,2,1609,0,155.2158,-0.004625424,-0.005320266
2009-03-31 오후 8:55:40,-0.01127787,0.01442729,-0.01024462,0.01518087,-0.1033539,0.1338334,-0.09447166,0.1402285,14,2,1609,0,188.951,0.0009869402,-0.005958751
2009-03-31 오후 8:55:40,-0.01512582,0.01876135,-0.01352648,0.01995791,-0.1030375,0.133477,-0.0942018,0.1398357,15,2,1609,0,218.4096,0.006782691,-0.00643532
2009-03-31 오후 8:55:40,-0.01857371,0.02264481,-0.01646714,0.0242383,-0.1028673,0.1332853,-0.09405666,0.1396244,16,2,1609,0,238.7521,0.01197588,-0.00669165
2009-03-31 오후 8:55:40,-0.02199986,0.02650378,-0.01938926,0.0284917,-0.1028688,0.133287,-0.09405792,0.1396262,17,2,1609,0,256.6784,0.01713633,-0.006689429
2009-03-31 오후 8:55:40,-0.02546949,0.03041173,-0.02234846,0.03279908,-0.1030519,0.1334933,-0.09421414,0.1398536,18,2,1609,0,273.2901,0.02236227,-0.006413534
2009-03-31 오후 8:55:40,-0.02896522,0.03434907,-0.02532992,0.03713886,-0.1034166,0.1339041,-0.0945252,0.1403064,19,2,1609,0,288.7126,0.0276275,-0.005864218
2009-03-31 오후 8:55:40,-0.03250878,0.03834028,-0.02835217,0.04153801,-0.1039601,0.1345163,-0.09498875,0.1409811,20,2,1609,0,303.2342,0.03296478,-0.005045593
2009-03-31 오후 8:55:40,-0.0361393,0.04242945,-0.0314486,0.04604513,-0.1046814,0.1353286,-0.09560391,0.1418765,21,2,1609,0,317.291,0.03843306,-0.003959224
2009-03-31 오후 8:55:40,-0.03971765,0.04645984,-0.03450052,0.05048747,-0.1055816,0.1363425,-0.09637165,0.1429941,22,2,1609,0,329.8678,0.04382274,-0.002603397
2009-03-31 오후 8:55:40,-0.04349167,0.05071064,-0.03771934,0.05517274,-0.1066628,0.1375603,-0.09729381,0.1443363,23,2,1609,0,342.9974,0.04950714,-0.0009748638
2009-03-31 오후 8:55:40,-0.04665257,0.05427085,-0.04041522,0.05909684,-0.1079267,0.1389839,-0.09837177,0.1459054,24,2,1609,0,350.9051,0.05426807,0.0009288192
2009-03-31 오후 8:55:40,-0.04897857,0.05689069,-0.04239904,0.06198446,-0.1093714,0.1406111,-0.09960395,0.147699,25,2,1609,0,354.1322,0.05777147,0.003104836
2009-03-31 오후 8:55:40,-0.05076101,0.05889831,-0.04391926,0.06419727,-0.1109872,0.1424311,-0.100982,0.1497049,26,2,1609,0,355.3302,0.06045618,0.005538553
2009-03-31 오후 8:55:40,-0.05131286,0.05951986,-0.04438992,0.06488235,-0.1127532,0.1444201,-0.1024882,0.1518973,27,2,1609,0,354.8784,0.06128735,0.008198455
2009-03-31 오후 8:55:40,-0.05125592,0.05945573,-0.04434136,0.06481167,-0.1146376,0.1465426,-0.1040954,0.1542367,28,3,1609,0,354.9958,0.0612016,0.01103675
2009-03-31 오후 8:55:40,-0.05028581,0.05836307,-0.04351397,0.06360733,-0.1166014,0.1487545,-0.1057703,0.1566747,29,3,1609,0,357.5359,0.05974043,0.01399466
2009-03-31 오후 8:55:40,-0.04880694,0.05669738,-0.04225266,0.06177138,-0.1186027,0.1510086,-0.1074772,0.1591592,30,3,1609,0,362.1343,0.05751297,0.01700895
2009-03-31 오후 8:55:40,-0.04648447,0.05408151,-0.04027186,0.05888815,-0.1206001,0.1532584,-0.1091808,0.1616389,31,3,1438,0,371.2146,0.05401488,0.02001747
2009-03-31 오후 8:55:40,-0.04307055,0.05023631,-0.03736017,0.05464993,-0.1225541,0.1554592,-0.1108473,0.1640646,32,3,1187,0,387.8228,0.04887285,0.02296051
2009-03-31 오후 8:55:40,-0.03926962,0.04595522,-0.03411841,0.04993127,-0.1244255,0.157567,-0.1124434,0.1663879,33,3,1098,0,406.5698,0.04314792,0.02577926
2009-03-31 오후 8:55:40,-0.03606877,0.04235001,-0.03138845,0.04595757,-0.126177,0.1595398,-0.1139372,0.1685623,34,3,1098,0,419.4622,0.03832683,0.02841732
2009-03-31 오후 8:55:40,-0.03267225,0.0385244,-0.02849159,0.04174095,-0.1277781,0.1613431,-0.1153027,0.1705499,35,3,1098,0,433.0096,0.033211,0.0308288
2009-03-31 오후 8:55:40,-0.02909309,0.03449309,-0.02543898,0.0372976,-0.1292108,0.1629568,-0.1165247,0.1723286,36,3,1098,0,447.0855,0.0278201,0.03298673
2009-03-31 오후 8:55:40,-0.0257183,0.03069197,-0.02256067,0.03310797,-0.1304689,0.1643738,-0.1175977,0.1738905,37,3,1098,0,459.0009,0.02273702,0.03488173
2009-03-31 오후 8:55:40,-0.02293055,0.02755205,-0.02018303,0.02964711,-0.1315527,0.1655945,-0.1185221,0.1752359,38,3,1098,0,466.9319,0.01853813,0.0365141
2009-03-31 오후 8:55:40,-0.02066027,0.02499496,-0.01824674,0.02682866,-0.1324665,0.1666238,-0.1193015,0.1763704,39,3,1098,0,472.1242,0.01511864,0.03789054
2009-03-31 오후 8:55:40,-0.0188857,0.02299622,-0.01673324,0.02462563,-0.1332213,0.1674739,-0.1199452,0.1773074,40,3,1098,0,475.2765,0.01244581,0.03902736
2009-03-31 오후 8:55:40,-0.01808519,0.02209457,-0.01605049,0.02363182,-0.1338363,0.1681667,-0.1204698,0.178071,41,3,1098,0,475.9864,0.01124007,0.03995374
2009-03-31 오후 8:55:40,-0.01878488,0.02288265,-0.01664724,0.02450045,-0.1343398,0.1687337,-0.1208992,0.178696,42,4,1098,0,476.2867,0.01229394,0.04071206
2009-03-31 오후 8:55:41,-0.02003681,0.02429274,-0.017715,0.02605467,-0.1347685,0.1692166,-0.1212648,0.1792282,43,4,1098,0,477.386,0.0141796,0.04135777
2009-03-31 오후 8:55:41,-0.02154966,0.0259967,-0.01900529,0.02793279,-0.1351661,0.1696644,-0.1216039,0.1797218,44,4,1098,0,478.9958,0.01645824,0.04195666
2009-03-31 오후 8:55:41,-0.02457575,0.02940508,-0.0215862,0.03168955,-0.1355783,0.1701287,-0.1219555,0.1802336,45,4,1098,0,485.9263,0.02101612,0.04257756
2009-03-31 오후 8:55:41,-0.02856285,0.03389587,-0.02498674,0.03663933,-0.1360491,0.170659,-0.122357,0.1808181,46,4,1098,0,497.7268,0.02702146,0.04328664
2009-03-31 오후 8:55:41,-0.03358052,0.03954742,-0.02926625,0.04286853,-0.1366223,0.1713046,-0.1228459,0.1815296,47,4,1098,0,515.7779,0.03457904,0.04414998
2009-03-31 오후 8:55:41,-0.0383199,0.04488551,-0.0333084,0.04875223,-0.1373439,0.1721173,-0.1234613,0.1824255,48,4,1098,0,530.6736,0.04171745,0.04523683
2009-03-31 오후 8:55:41,-0.04196782,0.04899427,-0.03641966,0.05328095,-0.1382555,0.173144,-0.1242388,0.1835571,49,4,1098,0,538.4633,0.04721193,0.0466098
2009-03-31 오후 8:55:41,-0.04522872,0.05266713,-0.03920085,0.05732921,-0.1393815,0.1744124,-0.1251992,0.1849551,50,4,1098,0,544.0879,0.05212348,0.04830587
2009-03-31 오후 8:55:41,-0.04848963,0.05633999,-0.04198203,0.06137747,-0.1407229,0.1759231,-0.1263432,0.1866203,51,4,1098,0,549.4365,0.05703504,0.05032617
2009-03-31 오후 8:55:41,-0.05184186,0.0601157,-0.0448411,0.06553909,-0.1422638,0.1776587,-0.1276574,0.1885332,52,4,1098,0,554.8622,0.06208414,0.0526471
2009-03-31 오후 8:55:41,-0.0554463,0.06417548,-0.04791528,0.07001382,-0.1439872,0.1795999,-0.1291274,0.1906728,53,4,1098,0,561.0425,0.06751312,0.05524294
2009-03-31 오후 8:55:41,-0.05926815,0.06848015,-0.05117489,0.07475847,-0.145885,0.1817374,-0.1307459,0.1930288,54,4,1098,0,567.8234,0.07326958,0.05810134
2009-03-31 오후 8:55:41,-0.06239426,0.07200117,-0.05384111,0.07863938,-0.1479577,0.184072,-0.1325137,0.195602,55,4,1098,0,571.4902,0.0779781,0.0612233
2009-03-31 오후 8:55:41,-0.06459851,0.07448388,-0.05572108,0.08137584,-0.1502067,0.1866051,-0.1344319,0.198394,56,4,1098,0,572.4832,0.08129811,0.06461072
2009-03-31 오후 8:55:41,-0.06578522,0.07582051,-0.05673321,0.08284909,-0.1526239,0.1893276,-0.1364934,0.2013948,57,4,1098,0,572.095,0.08308553,0.06825143
2009-03-31 오후 8:55:41,-0.06564131,0.07565842,-0.05661047,0.08267044,-0.1551853,0.1922126,-0.138678,0.2045746,58,5,1098,0,572.2357,0.08286878,0.07210939
2009-03-31 오후 8:55:41,-0.06435812,0.07421312,-0.05551606,0.08107742,-0.1578509,0.1952149,-0.1409515,0.2078839,59,5,1098,0,574.8739,0.08093604,0.0761243
2009-03-31 오후 8:55:41,-0.06157907,0.07108299,-0.05314584,0.07762736,-0.1605686,0.1982759,-0.1432694,0.2112577,60,5,1098,0,583.5289,0.07675026,0.08021764
2009-03-31 오후 8:55:41,-0.05716067,0.06610642,-0.04937744,0.07214212,-0.163278,0.2013277,-0.1455802,0.2146214,61,5,956,0,601.6331,0.07009529,0.0842986
2009-03-31 오후 8:55:41,-0.05162472,0.05987111,-0.0446559,0.06526951,-0.1659131,0.2042957,-0.1478277,0.2178928,62,5,699,0,627.0364,0.06175707,0.08826761
2009-03-31 오후 8:55:41,-0.04549738,0.05296971,-0.03942998,0.05766272,-0.1684052,0.2071025,-0.1499531,0.2209865,63,5,563,0,655.4893,0.05252812,0.09202106
2009-03-31 오후 8:55:41,-0.03977445,0.04652381,-0.03454896,0.05055797,-0.1706901,0.2096761,-0.1519019,0.2238231,64,5,563,0,678.634,0.04390828,0.09546261
2009-03-31 오후 8:55:41,-0.0339689,0.03998484,-0.02959749,0.04335066,-0.1727189,0.2119612,-0.1536323,0.2263418,65,5,563,0,700.5829,0.03516399,0.09851842
2009-03-31 오후 8:55:41,-0.02863297,0.03397483,-0.02504655,0.03672637,-0.174464,0.2139268,-0.1551206,0.2285082,66,5,563,0,718.0079,0.02712706,0.1011468
2009-03-31 오후 8:55:41,-0.02618875,0.03122183,-0.0229619,0.03369199,-0.1759215,0.2155684,-0.1563637,0.2303177,67,5,563,0,721.2285,0.0234456,0.1033421
2009-03-31 오후 8:55:41,-0.02807556,0.033347,-0.02457114,0.03603437,-0.1771178,0.2169158,-0.157384,0.2318028,68,6,563,0,721.2029,0.02628749,0.1051439
2009-03-31 오후 8:55:41,-0.03730685,0.04374448,-0.03244439,0.04749458,-0.1781277,0.2180533,-0.1582453,0.2330565,69,6,563,0,762.1224,0.04019161,0.106665
2009-03-31 오후 8:55:41,-0.04653814,0.05414196,-0.04031764,0.05895478,-0.1790882,0.2191352,-0.1590646,0.234249,70,6,563,0,799.5054,0.05409572,0.1081118
2009-03-31 오후 8:55:41,-0.05576944,0.06453943,-0.04819088,0.07041498,-0.1801794,0.2203641,-0.1599952,0.2356036,71,6,563,0,834.3384,0.06799982,0.1097553
2009-03-31 오후 8:55:41,-0.06500073,0.07493691,-0.05606413,0.08187518,-0.1815711,0.2219317,-0.1611822,0.2373314,72,6,563,0,865.9371,0.08190393,0.1118516
2009-03-31 오후 8:55:42,-0.07423202,0.08533439,-0.06393738,0.09333538,-0.1833754,0.223964,-0.1627211,0.2395714,73,6,563,0,896.1889,0.09580804,0.1145692
2009-03-31 오후 8:55:42,-0.07814519,0.08974192,-0.06727488,0.0981934,-0.1856325,0.2265061,-0.1646461,0.2423734,74,6,563,0,899.4536,0.101702,0.1179687
2009-03-31 오후 8:55:42,-0.07856658,0.09021654,-0.06763427,0.09871653,-0.1883176,0.2295304,-0.1669361,0.2457068,75,6,563,0,899.643,0.1023367,0.122013
2009-03-31 오후 8:55:42,-0.07263058,0.08353064,-0.06257153,0.09134727,-0.1913417,0.2329366,-0.1695154,0.2494611,76,7,563,0,921.6426,0.09339596,0.1265679
2009-03-31 오후 8:55:42,-0.0642638,0.0741069,-0.05543561,0.08096033,-0.1945505,0.2365508,-0.1722521,0.2534446,77,7,48,0,957.8014,0.08079398,0.131401
2009-03-31 오후 8:55:42,-0.05589268,0.06467826,-0.04829599,0.07056798,-0.1977484,0.2401527,-0.1749796,0.2574147,78,7,47,0,989.7692,0.06818546,0.1362177
2009-03-31 오후 8:55:42,-0.05039151,0.05848214,-0.04360412,0.06373855,-0.2007523,0.2435361,-0.1775416,0.2611439,79,7,47,0,1001.028,0.05989964,0.1407421
2009-03-31 오후 8:55:42,-0.05199568,0.06028895,-0.04497229,0.06573004,-0.2034547,0.2465798,-0.1798464,0.2644987,80,8,47,0,997.9957,0.06231582,0.1448124
2009-03-31 오후 8:55:42,-0.06122697,0.07068643,-0.05284554,0.07719024,-0.2058704,0.2493008,-0.1819068,0.2674978,81,8,47,0,1025.314,0.07621993,0.148451
2009-03-31 오후 8:55:42,-0.07045826,0.08108391,-0.06071879,0.08865044,-0.2081412,0.2518584,-0.1838435,0.2703168,82,8,47,0,1051.415,0.09012404,0.1518712
2009-03-31 오후 8:55:42,-0.07968955,0.09148139,-0.06859203,0.1001106,-0.2104831,0.2544961,-0.1858408,0.2732241,83,8,47,0,1076.431,0.1040282,0.1553985
2009-03-31 오후 8:55:42,-0.08156767,0.09359676,-0.07019385,0.1024422,-0.2130903,0.2574327,-0.1880645,0.276461,84,8,47,0,1073.959,0.1068569,0.1593256
2009-03-31 오후 8:55:42,-0.07435757,0.08547582,-0.06404445,0.09349124,-0.2160393,0.2607542,-0.1905797,0.280122,85,9,47,0,1094.381,0.09599715,0.1637673
2009-03-31 오후 8:55:42,-0.06599079,0.07605207,-0.05690854,0.0831043,-0.2192467,0.2643668,-0.1933152,0.2841038,86,9,47,0,1120.215,0.08339518,0.1685982
2009-03-31 오후 8:55:42,-0.05818931,0.06726503,-0.05025476,0.07341914,-0.2225105,0.268043,-0.1960989,0.2881557,87,9,47,0,1139.969,0.07164464,0.1735142
2009-03-31 오후 8:55:42,-0.05455362,0.06317005,-0.04715393,0.06890561,-0.2256148,0.2715394,-0.1987464,0.2920094,88,9,47,0,1142.007,0.06616859,0.1781898
2009-03-31 오후 8:55:42,-0.06378491,0.07356752,-0.05502718,0.08036581,-0.2284466,0.274729,-0.2011617,0.295525,89,10,47,0,1169.659,0.0800727,0.1824551
2009-03-31 오후 8:55:42,-0.0730162,0.083965,-0.06290042,0.09182601,-0.2310592,0.2776715,-0.2033899,0.2987684,90,10,47,0,1196.8,0.09397681,0.1863901
2009-03-31 오후 8:55:42,-0.0822475,0.09436248,-0.07077368,0.1032862,-0.2336442,0.2805831,-0.2055946,0.3019776,91,10,47,0,1223.329,0.1078809,0.1902837
2009-03-31 오후 8:55:42,-0.08477788,0.09721252,-0.0729318,0.1064276,-0.2364232,0.2837132,-0.2079648,0.3054276,92,10,47,0,1224.61,0.1116922,0.1944694
2009-03-31 오후 8:55:42,-0.07708512,0.08854794,-0.06637075,0.09687736,-0.2395139,0.2871944,-0.2106008,0.3092645,93,11,47,0,1246.206,0.1001054,0.1991246
2009-03-31 오후 8:55:42,-0.06871834,0.0791242,-0.05923484,0.08649042,-0.2428603,0.2909636,-0.2134549,0.313419,94,11,47,0,1270.127,0.0875034,0.204165
2009-03-31 오후 8:55:42,-0.06327371,0.07299175,-0.05459118,0.07973117,-0.2462703,0.2948043,-0.2163633,0.3176523,95,11,47,0,1278.57,0.07930273,0.209301
2009-03-31 오후 8:55:42,-0.072505,0.08338922,-0.06246443,0.09119137,-0.2495528,0.2985015,-0.2191629,0.3217273,96,12,47,0,1299.223,0.09320684,0.2142451
2009-03-31 오후 8:55:42,-0.08173629,0.0937867,-0.07033768,0.1026516,-0.2526607,0.302002,-0.2218135,0.3255857,97,12,47,0,1316.952,0.1071109,0.2189262
2009-03-31 오후 8:55:42,-0.09096759,0.1041842,-0.07821093,0.1141118,-0.2557267,0.3054553,-0.2244285,0.3293919,98,12,47,0,1334.423,0.1210151,0.2235442
2009-03-31 오후 8:55:42,-0.09176295,0.10508,-0.07888928,0.1150992,-0.2589614,0.3090987,-0.2271873,0.3334077,99,12,47,0,1328.723,0.122213,0.2284163
2009-03-31 오후 8:55:42,-0.0834701,0.09573954,-0.07181642,0.104804,-0.2624861,0.3130687,-0.2301935,0.3377835,100,13,47,0,1348.574,0.1097224,0.2337252
2009-03-31 오후 8:55:42,-0.07510332,0.0863158,-0.06468051,0.09441707,-0.266241,0.3172979,-0.233396,0.342445,101,13,47,0,1368.859,0.09712042,0.2393808
2009-03-31 오후 8:55:42,-0.0740332,0.08511049,-0.06376782,0.09308857,-0.2700342,0.3215703,-0.2366311,0.347154,102,13,47,0,1366.042,0.09550861,0.245094
2009-03-31 오후 8:55:43,-0.08326449,0.09550796,-0.07164107,0.1045488,-0.2736965,0.3256953,-0.2397547,0.3517006,103,14,47,0,1383.959,0.1094127,0.2506102
2009-03-31 오후 8:55:43,-0.09249578,0.1059054,-0.07951431,0.116009,-0.2772173,0.3296608,-0.2427575,0.3560714,104,14,47,0,1401.358,0.1233168,0.2559131
2009-03-31 오후 8:55:43,-0.09471743,0.1084077,-0.08140912,0.118767,-0.2807422,0.333631,-0.2457639,0.3604475,105,14,47,0,1400.532,0.1266631,0.2612223
2009-03-31 오후 8:55:43,-0.08659852,0.09926318,-0.0744846,0.1086878,-0.2844323,0.3377873,-0.2489111,0.3650285,106,15,47,0,1425.483,0.1144344,0.2667803
2009-03-31 오후 8:55:43,-0.07823174,0.08983943,-0.06734869,0.09830084,-0.2883071,0.3421516,-0.2522159,0.369839,107,15,47,0,1450.586,0.1018324,0.2726166
2009-03-31 오후 8:55:43,-0.08004028,0.09187644,-0.06889117,0.1005461,-0.292232,0.3465723,-0.2555633,0.3747115,108,16,47,0,1450.713,0.1045564,0.2785282
2009-03-31 오후 8:55:43,-0.08927158,0.1022739,-0.07676442,0.1120063,-0.2960609,0.3508849,-0.258829,0.3794649,109,16,47,0,1468.859,0.1184606,0.2842953
2009-03-31 오후 8:55:43,-0.09850287,0.1126714,-0.08463766,0.1234665,-0.2997909,0.3550861,-0.2620102,0.3840955,110,16,47,0,1485.165,0.1323647,0.2899133
2009-03-31 오후 8:55:43,-0.1039467,0.1188029,-0.08928062,0.1302247,-0.3035734,0.3593464,-0.2652363,0.3887913,111,16,47,0,1486.144,0.1405641,0.2956105
2009-03-31 오후 8:55:43,-0.09620608,0.1100845,-0.08267876,0.1206151,-0.3075728,0.363851,-0.2686473,0.3937563,112,17,47,0,1503.41,0.1289053,0.3016343
2009-03-31 오후 8:55:43,-0.08783931,0.1006607,-0.07554285,0.1102282,-0.3118118,0.3686256,-0.2722627,0.3990189,113,17,47,0,1524.201,0.1163033,0.3080191
2009-03-31 오후 8:55:43,-0.09183945,0.1051662,-0.07895452,0.1151941,-0.316158,0.3735208,-0.2759695,0.4044144,114,18,47,0,1525.365,0.1223283,0.3145652
2009-03-31 오후 8:55:43,-0.1010707,0.1155637,-0.08682776,0.1266544,-0.3204625,0.3783691,-0.2796407,0.4097583,115,18,47,0,1542.96,0.1362324,0.3210487
2009-03-31 오후 8:55:43,-0.110302,0.1259611,-0.09470101,0.1381146,-0.3247154,0.3831593,-0.283268,0.415038,116,18,47,0,1559.945,0.1501365,0.3274544
2009-03-31 오후 8:55:43,-0.1138412,0.1299475,-0.09771955,0.1425083,-0.3290559,0.3880481,-0.28697,0.4204266,117,18,47,0,1559.853,0.1554672,0.3339921
2009-03-31 오후 8:55:43,-0.1054962,0.1205482,-0.09060218,0.1321484,-0.333627,0.3931966,-0.2908686,0.4261013,118,19,47,0,1579.573,0.142898,0.3408769
2009-03-31 오후 8:55:43,-0.09712943,0.1111245,-0.08346628,0.1217614,-0.3384252,0.398601,-0.2949609,0.432058,119,19,47,0,1599.011,0.130296,0.3481039
2009-03-31 오후 8:55:43,-0.1063607,0.1215219,-0.09133952,0.1332216,-0.3433072,0.4040997,-0.2991246,0.4381188,120,20,47,0,1617.498,0.1442001,0.3554571
2009-03-31 오후 8:55:43,-0.115592,0.1319194,-0.09921277,0.1446818,-0.348147,0.4095509,-0.3032525,0.4441272,121,20,47,0,1635.861,0.1581042,0.3627468
2009-03-31 오후 8:55:43,-0.1192486,0.136038,-0.1023314,0.1492213,-0.352969,0.4149821,-0.3073651,0.4501134,122,20,47,0,1637.681,0.1636118,0.3700097
2009-03-31 오후 8:55:43,-0.1109036,0.1266387,-0.09521408,0.1388614,-0.3578981,0.4205339,-0.3115691,0.4562327,123,21,47,0,1657.503,0.1510426,0.3774339
2009-03-31 오후 8:55:43,-0.1025325,0.1172101,-0.08807445,0.128469,-0.3629856,0.4262642,-0.3159082,0.4625486,124,21,47,0,1674.86,0.138434,0.3850967
2009-03-31 오후 8:55:43,-0.1117638,0.1276076,-0.0959477,0.1399292,-0.3681411,0.4320709,-0.3203052,0.4689489,125,22,47,0,1686.002,0.1523381,0.3928619
2009-03-31 오후 8:55:43,-0.1209951,0.138005,-0.1038209,0.1513894,-0.3732558,0.4378317,-0.3246674,0.4752985,126,22,47,0,1692.353,0.1662423,0.4005655
2009-03-31 오후 8:55:43,-0.1212077,0.1382446,-0.1040023,0.1516535,-0.3783483,0.4435675,-0.3290108,0.4816206,127,22,47,0,1679.641,0.1665626,0.4082358
2009-03-31 오후 8:55:43,-0.1128496,0.1288306,-0.09687383,0.1412773,-0.3835285,0.4494022,-0.3334289,0.4880516,128,23,47,0,1690.242,0.1539737,0.4160383
2009-03-31 오후 8:55:43,-0.1045829,0.1195195,-0.08982322,0.1310145,-0.3888282,0.4553714,-0.337949,0.4946309,129,23,47,0,1700.031,0.1415224,0.4240206
2009-03-31 오후 8:55:43,-0.1138142,0.129917,-0.09769646,0.1424747,-0.3941475,0.4613627,-0.3424858,0.5012346,130,24,47,0,1705.196,0.1554265,0.4320325
2009-03-31 오후 8:55:43,-0.1230455,0.1403145,-0.1055697,0.1539349,-0.3993879,0.4672651,-0.3469552,0.5077403,131,24,47,0,1716.313,0.1693306,0.4399256
2009-03-31 오후 8:55:43,-0.1152005,0.1314785,-0.09887885,0.1441958,-0.4045766,0.4731092,-0.3513806,0.5141817,132,25,47,0,1736.883,0.1575146,0.4477407
2009-03-31 오후 8:55:43,-0.1068337,0.1220547,-0.09174294,0.1338089,-0.4098036,0.4789965,-0.3558386,0.5206708,133,25,47,0,1743.498,0.1449126,0.4556136
2009-03-31 오후 8:55:44,-0.116065,0.1324522,-0.09961618,0.1452691,-0.415084,0.4849441,-0.3603422,0.5272263,134,26,47,0,1743.498,0.1588167,0.463567
2009-03-31 오후 8:55:44,-0.1252963,0.1428497,-0.1074894,0.1567293,-0.4203691,0.4908969,-0.3648498,0.5337875,135,26,47,0,1743.498,0.1727208,0.4715273
2009-03-31 오후 8:55:44,-0.1284442,0.1463952,-0.1101742,0.1606372,-0.4256736,0.4968714,-0.3693739,0.5403727,136,26,47,0,1728.583,0.1774621,0.4795169
2009-03-31 오후 8:55:44,-0.1200904,0.1369862,-0.1030494,0.1502664,-0.4310932,0.5029757,-0.3739962,0.5471009,137,27,47,0,1732.069,0.1648797,0.4876798
2009-03-31 오후 8:55:44,-0.120964,0.1379701,-0.1037945,0.151351,-0.4366792,0.5092674,-0.3787605,0.5540357,138,28,47,0,1729.602,0.1661956,0.4960935
2009-03-31 오후 8:55:44,-0.1301953,0.1483676,-0.1116677,0.1628112,-0.4423782,0.5156863,-0.3836211,0.5611107,139,28,47,0,1746.725,0.1800997,0.5046772
2009-03-31 오후 8:55:44,-0.1346086,0.1533384,-0.1154317,0.16829,-0.4481283,0.5221629,-0.3885253,0.5682492,140,28,47,0,1738.633,0.1867469,0.5133381
2009-03-31 오후 8:55:44,-0.1292727,0.1473284,-0.1108808,0.1616657,-0.4539492,0.5287191,-0.3934898,0.5754755,141,29,47,0,1727.298,0.17871,0.5221054
2009-03-31 오후 8:55:44,-0.1209059,0.1379046,-0.1037449,0.1512788,-0.4598757,0.5353943,-0.3985445,0.5828331,142,29,47,0,1727.279,0.166108,0.5310319
2009-03-31 오후 8:55:44,-0.1244016,0.141842,-0.1067264,0.1556185,-0.4658595,0.5421341,-0.403648,0.5902617,143,30,47,0,1718.264,0.1713732,0.5400447
2009-03-31 오후 8:55:44,-0.1299411,0.1480813,-0.1114509,0.1624956,-0.4718042,0.5488297,-0.4087181,0.5976417,144,30,47,0,1722.771,0.1797168,0.5489985
2009-03-31 오후 8:55:44,-0.13158,0.1499273,-0.1128487,0.1645302,-0.4776813,0.5554493,-0.4137307,0.6049379,145,30,47,0,1707.127,0.1821853,0.5578506
2009-03-31 오후 8:55:44,-0.1287619,0.1467531,-0.1104451,0.1610316,-0.4835572,0.5620675,-0.4187421,0.6122325,146,31,47,0,1694.238,0.1779406,0.5667008
2009-03-31 오후 8:55:44,-0.1245522,0.1420116,-0.1068548,0.1558055,-0.4894928,0.568753,-0.4238046,0.6196013,147,31,47,0,1683.025,0.1716,0.575641
2009-03-31 오후 8:55:44,-0.1208165,0.1378039,-0.1036686,0.1511678,-0.4954613,0.5754755,-0.428895,0.6270109,148,31,47,0,1687.39,0.1659733,0.5846307
2009-03-31 오후 8:55:44,-0.1236599,0.1410066,-0.1060938,0.1546978,-0.50138,0.5821418,-0.4339429,0.6343586,149,32,47,0,1673.175,0.1702561,0.5935454
2009-03-31 오후 8:55:44,-0.1328912,0.1514041,-0.113967,0.166158,-0.507211,0.5887095,-0.4389162,0.6415976,150,32,47,0,1669.037,0.1841602,0.6023281
2009-03-31 오후 8:55:44,-0.1380828,0.1572515,-0.1183949,0.1726031,-0.5130197,0.595252,-0.4438704,0.6488088,151,32,47,0,1653.19,0.1919798,0.6110771
2009-03-31 오후 8:55:44,-0.1327382,0.1512317,-0.1138365,0.165968,-0.518925,0.6019033,-0.4489069,0.6561399,152,33,47,0,1658.073,0.1839298,0.6199716
2009-03-31 오후 8:55:44,-0.1243714,0.141808,-0.1067006,0.1555811,-0.5249828,0.6087264,-0.4540735,0.6636603,153,33,47,0,1663.78,0.1713278,0.6290957
2009-03-31 오후 8:55:44,-0.1260104,0.143654,-0.1080984,0.1576158,-0.5311238,0.6156433,-0.4593111,0.6712842,154,34,47,0,1646.542,0.1737964,0.6383454
2009-03-31 오후 8:55:44,-0.1352417,0.1540515,-0.1159717,0.169076,-0.5372319,0.622523,-0.4645206,0.6788671,155,34,47,0,1646.542,0.1877005,0.6475453
2009-03-31 오후 8:55:44,-0.1379634,0.157117,-0.118293,0.1724548,-0.5432782,0.6293331,-0.4696774,0.6863732,156,34,47,0,1646.715,0.1917999,0.6566522
2009-03-31 오후 8:55:44,-0.1384935,0.1577141,-0.1187451,0.1731129,-0.5493506,0.6361727,-0.4748565,0.6939119,157,34,47,0,1628.138,0.1925983,0.6657985
2009-03-31 오후 8:55:44,-0.1301441,0.1483099,-0.111624,0.1627476,-0.5555395,0.6431434,-0.4801349,0.7015951,158,35,47,0,1628.056,0.1800226,0.6751201
2009-03-31 오후 8:55:44,-0.1329963,0.1515224,-0.1140566,0.1662884,-0.5618317,0.6502305,-0.4855014,0.7094065,159,36,47,0,1618.253,0.1843185,0.6845974
2009-03-31 오후 8:55:44,-0.1379052,0.1570515,-0.1182434,0.1723826,-0.5681453,0.6573417,-0.4908863,0.7172446,160,36,47,0,1604.923,0.1917123,0.6941069
2009-03-31 오후 8:55:44,-0.1419315,0.1615864,-0.1216773,0.177381,-0.574441,0.6644328,-0.4962558,0.7250604,161,36,47,0,1589.716,0.1977766,0.7035895
2009-03-31 오후 8:55:44,-0.1368347,0.1558458,-0.1173304,0.1710536,-0.5807606,0.6715507,-0.5016457,0.7329059,162,37,47,0,1580.464,0.1900999,0.713108
2009-03-31 오후 8:55:44,-0.1352384,0.1540478,-0.1159689,0.1690719,-0.5871499,0.6787472,-0.5070951,0.7408379,163,37,47,0,1581.837,0.1876956,0.7227316
2009-03-31 오후 8:55:45,-0.1344553,0.1531658,-0.115301,0.1680997,-0.5935884,0.685999,-0.5125864,0.7488309,164,37,47,0,1561.002,0.186516,0.7324291
2009-03-31 오후 8:55:45,-0.1298499,0.1479786,-0.1113731,0.1623823,-0.600003,0.693224,-0.5180573,0.7567944,165,37,47,0,1546.374,0.1795794,0.7420908
2009-03-31 오후 8:55:45,-0.1295103,0.1475961,-0.1110835,0.1619608,-0.6063316,0.7003521,-0.523455,0.7646511,166,37,47,0,1545.763,0.179068,0.751623
2009-03-31 오후 8:55:45,-0.1314189,0.1497458,-0.1127113,0.1643301,-0.6125565,0.7073634,-0.5287641,0.772379,167,38,47,0,1527.015,0.1819426,0.7609988
2009-03-31 오후 8:55:45,-0.1299226,0.1480605,-0.1114351,0.1624726,-0.6186959,0.7142783,-0.5340003,0.7800007,168,39,47,0,1508.33,0.1796889,0.7702459
2009-03-31 오후 8:55:45,-0.1332183,0.1517725,-0.114246,0.166564,-0.6247894,0.7211416,-0.5391973,0.7875655,169,40,47,0,1509.604,0.1846529,0.7794239
2009-03-31 오후 8:55:45,-0.1381882,0.1573702,-0.1184847,0.1727338,-0.6308876,0.7280102,-0.5443984,0.7951362,170,40,47,0,1493.191,0.1921384,0.788609
2009-03-31 오후 8:55:45,-0.1474195,0.1677677,-0.1263579,0.184194,-0.6370564,0.7349584,-0.5496597,0.8027944,171,40,47,0,1488.203,0.2060425,0.7979004
2009-03-31 오후 8:55:45,-0.1566508,0.1781651,-0.1342312,0.1956542,-0.643387,0.7420886,-0.555059,0.8106534,172,40,47,0,1506.151,0.2199466,0.8074355
2009-03-31 오후 8:55:45,-0.1616597,0.1838069,-0.1385033,0.2018726,-0.6499834,0.7495184,-0.560685,0.8188426,173,40,47,0,1492.289,0.2274911,0.817371
2009-03-31 오후 8:55:45,-0.1560151,0.1774492,-0.133689,0.1948651,-0.6569084,0.7573183,-0.5665912,0.8274397,174,41,47,0,1485.863,0.2189892,0.8278014
2009-03-31 오후 8:55:45,-0.1486615,0.1691666,-0.1274173,0.185736,-0.6641159,0.7654363,-0.5727384,0.8363875,175,41,47,0,1498.291,0.2079132,0.8386573
2009-03-31 오후 8:55:45,-0.143743,0.1636268,-0.1232224,0.1796299,-0.6714458,0.7736921,-0.57899,0.8454872,176,41,47,0,1487.277,0.2005051,0.8496975
2009-03-31 오후 8:55:45,-0.1529743,0.1740242,-0.1310956,0.1910901,-0.6787197,0.781885,-0.5851938,0.8545174,177,42,47,0,1482.89,0.2144092,0.8606535
2009-03-31 오후 8:55:45,-0.1622056,0.1844217,-0.1389689,0.2025503,-0.6858767,0.789946,-0.5912979,0.8634024,178,42,47,0,1499.002,0.2283133,0.8714332
2009-03-31 오후 8:55:45,-0.1656144,0.1882611,-0.1418761,0.2067821,-0.6930175,0.7979889,-0.5973881,0.8722674,179,42,47,0,1482.003,0.2334476,0.8821886
2009-03-31 오후 8:55:45,-0.1607872,0.1828241,-0.1377591,0.2007894,-0.7003007,0.8061922,-0.6035999,0.8813091,180,43,47,0,1471.751,0.2261769,0.8931585
2009-03-31 오후 8:55:45,-0.1648091,0.1873541,-0.1411893,0.2057824,-0.7077979,0.8146365,-0.6099942,0.8906165,181,44,47,0,1472.56,0.2322347,0.9044507
2009-03-31 오후 8:55:45,-0.1740404,0.1977516,-0.1490626,0.2172426,-0.7154745,0.8232828,-0.6165414,0.9001466,182,44,47,0,1467.714,0.2461388,0.9160132
2009-03-31 오후 8:55:45,-0.1782536,0.2024971,-0.152656,0.2224731,-0.7232906,0.8320863,-0.6232077,0.9098499,183,44,47,0,1444.54,0.2524847,0.9277857
2009-03-31 오후 8:55:45,-0.1780445,0.2022615,-0.1524776,0.2222135,-0.7312694,0.8410732,-0.6300128,0.9197553,184,45,47,0,1426.514,0.2521697,0.9398034
2009-03-31 오후 8:55:45,-0.1803357,0.2048422,-0.1544318,0.225058,-0.7394519,0.8502893,-0.6369914,0.9299134,185,46,47,0,1407.51,0.2556207,0.9521278
2009-03-31 오후 8:55:45,-0.1839749,0.2089411,-0.1575356,0.2295759,-0.7478303,0.8597261,-0.6441373,0.9403148,186,46,47,0,1407.484,0.2611021,0.9647473
2009-03-31 오후 8:55:45,-0.188236,0.2137405,-0.1611698,0.2348658,-0.756364,0.869338,-0.6514156,0.950909,187,46,47,0,1383.96,0.2675201,0.9776008
2009-03-31 오후 8:55:45,-0.1917969,0.2177513,-0.1642069,0.2392865,-0.7650353,0.8791047,-0.6588112,0.961674,188,46,47,0,1357.296,0.2728836,0.9906613
2009-03-31 오후 8:55:45,-0.1950753,0.2214438,-0.1670029,0.2433564,-0.7738619,0.8890464,-0.6663393,0.9726318,189,46,47,0,1339.395,0.2778213,1.003956
2009-03-31 오후 8:55:45,-0.198297,0.2250725,-0.1697508,0.2473561,-0.7828662,0.8991883,-0.674019,0.9838103,190,46,47,0,1320.834,0.282674,1.017518
2009-03-31 오후 8:55:45,-0.2001578,0.2271683,-0.1713377,0.2496661,-0.7920512,0.9095336,-0.6818528,0.995213,191,46,47,0,1320.644,0.2854766,1.031353
2009-03-31 오후 8:55:45,-0.2014314,0.2286029,-0.172424,0.2512473,-0.801401,0.9200646,-0.6898271,1.00682,192,46,47,0,1291.077,0.287395,1.045435
2009-03-31 오후 8:55:45,-0.2026399,0.229964,-0.1734547,0.2527475,-0.8108899,0.9307523,-0.6979201,1.0186,193,46,47,0,1260.469,0.2892151,1.059727
2009-03-31 오후 8:55:46,-0.2025264,0.2298362,-0.1733579,0.2526066,-0.8204864,0.941561,-0.7061048,1.030514,194,47,47,0,1241.334,0.2890442,1.074181
2009-03-31 오후 8:55:46,-0.2044828,0.2320398,-0.1750265,0.2550354,-0.8301606,0.9524574,-0.7143558,1.042524,195,48,47,0,1220.507,0.2919909,1.088753
2009-03-31 오후 8:55:46,-0.2059174,0.2336556,-0.1762501,0.2568163,-0.8398933,0.9634197,-0.7226568,1.054607,196,48,47,0,1191.577,0.2941517,1.103412
2009-03-31 오후 8:55:46,-0.2080651,0.2360746,-0.1780818,0.2594826,-0.8496814,0.9744443,-0.7310049,1.066758,197,48,47,0,1157.482,0.2973865,1.118155
2009-03-31 오후 8:55:46,-0.2098475,0.2380822,-0.179602,0.2616954,-0.8595355,0.9855433,-0.7394093,1.078992,198,48,47,0,1136.102,0.3000712,1.132997
2009-03-31 오후 8:55:46,-0.2094384,0.2376214,-0.1792531,0.2611875,-0.869467,0.9967294,-0.7478797,1.091321,199,49,47,0,1114.717,0.299455,1.147956
2009-03-31 오후 8:55:46,-0.2083596,0.2364063,-0.178333,0.2598481,-0.8794724,1.007999,-0.7564132,1.103742,200,49,47,0,1115.492,0.29783,1.163026
2009-03-31 오후 8:55:46,-0.2077156,0.2356809,-0.1777837,0.2590487,-0.8895267,1.019323,-0.7649884,1.116224,201,49,47,0,1081.814,0.2968601,1.178169
2009-03-31 오후 8:55:46,-0.2075586,0.2355042,-0.1776499,0.2588539,-0.8995934,1.030662,-0.7735742,1.128722,202,49,47,0,1082.603,0.2966237,1.193332
2009-03-31 오후 8:55:46,-0.2070973,0.2349845,-0.1772564,0.2582811,-0.9096445,1.041982,-0.7821466,1.141199,203,49,47,0,1059.362,0.2959288,1.208471
2009-03-31 오후 8:55:46,-0.2068664,0.2347245,-0.1770595,0.2579945,-0.9196697,1.053274,-0.790697,1.153645,204,49,47,0,1056.003,0.2955811,1.223571
2009-03-31 오후 8:55:46,-0.2070008,0.2348759,-0.1771741,0.2581613,-0.9296725,1.064541,-0.7992283,1.166063,205,50,47,0,1039.728,0.2957835,1.238637
2009-03-31 오후 8:55:46,-0.2069787,0.2348509,-0.1771552,0.2581339,-0.9396598,1.07579,-0.8077464,1.178462,206,51,47,0,1002.767,0.2957502,1.25368
2009-03-31 오후 8:55:46,-0.2064956,0.2343068,-0.1767432,0.2575341,-0.9496375,1.087028,-0.8162562,1.190849,207,51,47,0,1002.136,0.2950225,1.268708
2009-03-31 오후 8:55:46,-0.2059603,0.2337039,-0.1762867,0.2568696,-0.959608,1.098258,-0.8247598,1.203227,208,51,47,0,995.7698,0.2942163,1.283726
2009-03-31 오후 8:55:46,-0.2052903,0.2329492,-0.1757152,0.2560377,-0.9695682,1.109476,-0.8332548,1.215592,209,51,47,0,997.0821,0.2932071,1.298728
2009-03-31 오후 8:55:46,-0.2047115,0.2322973,-0.1752216,0.2553192,-0.9795111,1.120675,-0.8417349,1.227936,210,51,47,0,991.7454,0.2923354,1.313703
2009-03-31 오후 8:55:46,-0.2039371,0.2314251,-0.1745611,0.2543578,-0.9894291,1.131846,-0.8501938,1.240248,211,51,47,0,981.0817,0.2911689,1.328642
2009-03-31 오후 8:55:46,-0.2036366,0.2310867,-0.1743048,0.2539848,-0.9993173,1.142984,-0.8586274,1.252524,212,51,47,0,971.5293,0.2907164,1.343535
2009-03-31 오후 8:55:46,-0.2039536,0.2314437,-0.1745752,0.2543784,-1.009176,1.154088,-0.8670358,1.264763,213,52,47,0,970.8716,0.2911939,1.358385
2009-03-31 오후 8:55:46,-0.2040576,0.2315608,-0.1746639,0.2545075,-1.019011,1.165165,-0.8754241,1.276973,214,52,47,0,943.4153,0.2913505,1.373198
2009-03-31 오후 8:55:46,-0.2040485,0.2315506,-0.1746561,0.2544962,-1.028833,1.176228,-0.8838012,1.289167,215,53,47,0,936.4661,0.2913367,1.387992
2009-03-31 오후 8:55:46,-0.204035,0.2315354,-0.1746446,0.2544795,-1.038653,1.187288,-0.8921758,1.301357,216,53,47,0,918.6491,0.2913165,1.402782
2009-03-31 오후 8:55:46,-0.2041129,0.2316231,-0.174711,0.2545761,-1.048474,1.19835,-0.9005523,1.31355,217,54,47,0,877.2725,0.2914338,1.417575
2009-03-31 오후 8:55:46,-0.2041603,0.2316765,-0.1747515,0.254635,-1.058298,1.209415,-0.9089311,1.325746,218,54,47,0,877.8576,0.2915052,1.432371
2009-03-31 오후 8:55:46,-0.2043512,0.2318916,-0.1749143,0.254872,-1.068124,1.220483,-0.9173118,1.337945,219,54,47,0,847.0154,0.2917928,1.447172
2009-03-31 오후 8:55:46,-0.2045074,0.2320674,-0.1750475,0.2550659,-1.077953,1.231553,-0.9256949,1.350147,220,54,47,0,846.066,0.2920279,1.461976
2009-03-31 오후 8:55:46,-0.2046592,0.2322384,-0.1751769,0.2552543,-1.087787,1.242629,-0.934082,1.362355,221,54,47,0,846.323,0.2922565,1.476788
2009-03-31 오후 8:55:46,-0.2047675,0.2323604,-0.1752693,0.2553888,-1.097627,1.253713,-0.9424747,1.374571,222,54,47,0,802.0551,0.2924197,1.491609
2009-03-31 오후 8:55:46,-0.2048062,0.232404,-0.1753023,0.2554368,-1.107475,1.264804,-0.9508735,1.386796,223,54,47,0,801.181,0.292478,1.506441
2009-03-31 오후 8:55:46,-0.204871,0.232477,-0.1753576,0.2555173,-1.117329,1.275903,-0.9592779,1.39903,224,54,47,0,794.1418,0.2925756,1.521283
2009-03-31 오후 8:55:47,-0.2049793,0.232599,-0.17545,0.2556518,-1.127188,1.287008,-0.9676868,1.41127,225,54,47,0,789.8433,0.2927388,1.536134
2009-03-31 오후 8:55:47,-0.2050789,0.2327112,-0.1755349,0.2557754,-1.137052,1.298118,-0.9760995,1.423515,226,54,47,0,770.4455,0.2928888,1.55099
2009-03-31 오후 8:55:47,-0.2052003,0.2328479,-0.1756384,0.2559261,-1.14692,1.309232,-0.9845157,1.435765,227,54,47,0,767.0905,0.2930716,1.565853
2009-03-31 오후 8:55:47,-0.205413,0.2330874,-0.1758198,0.2561901,-1.156792,1.320352,-0.992936,1.448022,228,54,47,0,765.6021,0.2933919,1.580723
2009-03-31 오후 8:55:47,-0.2056082,0.2333074,-0.1759864,0.2564325,-1.166671,1.331479,-1.001361,1.460286,229,54,47,0,748.036,0.293686,1.595602
2009-03-31 오후 8:55:47,-0.2057687,0.2334881,-0.1761232,0.2566317,-1.176557,1.342614,-1.009793,1.472558,230,54,47,0,747.33,0.2939277,1.610492
2009-03-31 오후 8:55:47,-0.2059684,0.233713,-0.1762935,0.2568796,-1.186451,1.353758,-1.018232,1.484842,231,54,47,0,747.5647,0.2942284,1.625395
2009-03-31 오후 8:55:47,-0.206168,0.2339378,-0.1764638,0.2571274,-1.196355,1.364913,-1.026678,1.497137,232,54,47,0,744.1329,0.2945291,1.640312
2009-03-31 오후 8:55:47,-0.2063198,0.2341088,-0.1765932,0.2573158,-1.206268,1.376078,-1.035133,1.509443,233,54,47,0,742.186,0.2947577,1.655243
2009-03-31 오후 8:55:47,-0.206502,0.234314,-0.1767486,0.2575421,-1.21619,1.387254,-1.043596,1.521761,234,54,47,0,734.3018,0.2950322,1.670188
2009-03-31 오후 8:55:47,-0.2066886,0.2345242,-0.1769077,0.2577737,-1.226122,1.39844,-1.052066,1.534091,235,54,47,0,695.4922,0.2953132,1.685147
2009-03-31 오후 8:55:47,-0.2067882,0.2346364,-0.1769927,0.2578973,-1.236063,1.409637,-1.060545,1.546432,236,54,47,0,652.8395,0.2954632,1.70012
2009-03-31 오후 8:55:47,-0.2068921,0.2347534,-0.1770814,0.2580264,-1.246012,1.420843,-1.06903,1.558784,237,54,47,0,641.4948,0.2956198,1.715106
2009-03-31 오후 8:55:47,-0.2070657,0.2349489,-0.1772294,0.2582419,-1.25597,1.432058,-1.077523,1.571145,238,54,47,0,614.7996,0.2958812,1.730103
2009-03-31 오후 8:55:47,-0.2072088,0.2351101,-0.1773514,0.2584195,-1.265934,1.443282,-1.086021,1.583516,239,54,47,0,568.0692,0.2960967,1.745111
2009-03-31 오후 8:55:47,-0.2072649,0.2351733,-0.1773993,0.2584892,-1.275905,1.454512,-1.094525,1.595894,240,54,47,0,543.0238,0.2961812,1.76013
2009-03-31 오후 8:55:47,-0.2073297,0.2352463,-0.1774545,0.2585697,-1.285882,1.46575,-1.103035,1.608281,241,54,47,0,488.2741,0.2962788,1.775158
2009-03-31 오후 8:55:47,-0.2074076,0.235334,-0.1775209,0.2586663,-1.295866,1.476995,-1.11155,1.620675,242,54,47,0,423.9871,0.2963961,1.790195
2009-03-31 오후 8:55:47,-0.2074898,0.2354266,-0.1775911,0.2587684,-1.305854,1.488245,-1.120069,1.633075,243,54,47,0,417.0239,0.2965199,1.805239
2009-03-31 오후 8:55:47,-0.2075502,0.2354947,-0.1776426,0.2588435,-1.315846,1.499499,-1.128591,1.64548,244,54,47,0,386.0874,0.296611,1.820289
2009-03-31 오후 8:55:47,-0.2076803,0.2356412,-0.1777536,0.2590049,-1.325842,1.510758,-1.137116,1.657889,245,54,47,0,374.453,0.2968069,1.835345
2009-03-31 오후 8:55:47,-0.2078451,0.2358268,-0.1778941,0.2592095,-1.335843,1.522022,-1.145645,1.670304,246,54,47,0,280.7064,0.2970552,1.850408
2009-03-31 오후 8:55:47,-0.2080274,0.2360321,-0.1780496,0.2594358,-1.345848,1.533291,-1.154179,1.682725,247,54,47,0,259.7376,0.2973296,1.865477
2009-03-31 오후 8:55:47,-0.2081835,0.2362079,-0.1781827,0.2596296,-1.355859,1.544567,-1.162717,1.695154,248,54,47,0,259.1628,0.2975648,1.880557
2009-03-31 오후 8:55:47,-0.2083266,0.2363691,-0.1783048,0.2598073,-1.365878,1.555852,-1.171263,1.707592,249,54,47,0,253.8824,0.2977803,1.895647
2009-03-31 오후 8:55:47,-0.2084871,0.2365499,-0.1784417,0.2600065,-1.375905,1.567146,-1.179814,1.72004,250,54,47,0,236.4146,0.2980221,1.91075
2009-03-31 오후 8:55:47,-0.2085736,0.2366474,-0.1785155,0.260114,-1.38594,1.578448,-1.188373,1.732498,251,54,47,0,208.1154,0.2981524,1.925864
2009-03-31 오후 8:55:47,-0.2086124,0.236691,-0.1785485,0.260162,-1.395983,1.589759,-1.196938,1.744965,252,54,47,0,185.8083,0.2982108,1.94099
2009-03-31 오후 8:55:47,-0.2087076,0.2367983,-0.1786298,0.2602803,-1.406032,1.601078,-1.205509,1.75744,253,54,47,0,164.0205,0.2983542,1.956126
2009-03-31 오후 8:55:48,-0.2088594,0.2369692,-0.1787592,0.2604687,-1.416086,1.612402,-1.214084,1.769922,254,54,47,0,138.9373,0.2985829,1.971269
2009-03-31 오후 8:55:48,-0.2089808,0.2371059,-0.1788627,0.2606194,-1.426145,1.623731,-1.222663,1.782409,255,54,47,0,129.9619,0.2987656,1.98642
2009-03-31 오후 8:55:48,-0.2090891,0.2372279,-0.1789551,0.2607538,-1.436208,1.635067,-1.231246,1.794903,256,54,47,0,125.7273,0.2989288,2.001578
2009-03-31 오후 8:55:48,-0.209193,0.237345,-0.1790437,0.2608829,-1.446278,1.646408,-1.239834,1.807404,257,54,47,0,121.7045,0.2990853,2.016745
2009-03-31 오후 8:55:48,-0.2094231,0.2376041,-0.17924,0.2611685,-1.456354,1.657757,-1.248428,1.819913,258,54,47,0,121.5956,0.2994319,2.031921
2009-03-31 오후 8:55:48,-0.2095097,0.2377016,-0.1793138,0.261276,-1.466436,1.669113,-1.257027,1.832429,259,54,47,0,109.1643,0.2995622,2.047107
2009-03-31 오후 8:55:48,-0.2095875,0.2377893,-0.1793802,0.2613726,-1.476525,1.680477,-1.265632,1.844954,260,54,47,0,101.8509,0.2996795,2.062303
2009-03-31 오후 8:55:48,-0.2097306,0.2379505,-0.1795022,0.2615503,-1.486621,1.691848,-1.274242,1.857488,261,54,47,0,81.95689,0.299895,2.077509
2009-03-31 오후 8:55:48,-0.209865,0.2381018,-0.1796169,0.2617171,-1.496723,1.703227,-1.282858,1.87003,262,54,47,0,64.36207,0.3000975,2.092725
2009-03-31 오후 8:55:48,-0.2098863,0.2381259,-0.179635,0.2617436,-1.506832,1.714612,-1.29148,1.882579,263,54,47,0,63.25919,0.3001296,2.10795
2009-03-31 오후 8:55:48,-0.2100338,0.2382919,-0.1797608,0.2619266,-1.516946,1.726004,-1.300106,1.895135,264,54,47,0,54.99591,0.3003516,2.123184
2009-03-31 오후 8:55:48,-0.2102769,0.2385657,-0.1799681,0.2622284,-1.527065,1.737401,-1.308736,1.907698,265,54,47,0,51.78989,0.3007178,2.138426
2009-03-31 오후 8:55:48,-0.2103852,0.2386877,-0.1800605,0.2623629,-1.53719,1.748806,-1.317372,1.920268,266,54,47,0,51.50668,0.3008809,2.153676
2009-03-31 오후 8:55:48,-0.2104065,0.2387117,-0.1800787,0.2623894,-1.547323,1.760218,-1.326014,1.932846,267,54,47,0,49.38876,0.3009131,2.168937
2009-03-31 오후 8:55:48,-0.2104409,0.2387505,-0.180108,0.2624321,-1.557462,1.771638,-1.334661,1.945433,268,54,47,0,48.70956,0.3009649,2.184208
2009-03-31 오후 8:55:48,-0.2104492,0.2387598,-0.1801151,0.2624424,-1.567606,1.783064,-1.343313,1.958027,269,54,47,0,48.6751,0.3009773,2.199488
2009-03-31 오후 8:55:48,-0.2104749,0.2387887,-0.180137,0.2624743,-1.577754,1.794494,-1.351968,1.970625,270,54,47,0,48.63198,0.301016,2.214773
2009-03-31 오후 8:55:48,-0.2105223,0.2388422,-0.1801775,0.2625332,-1.587904,1.805926,-1.360625,1.983226,271,54,47,0,46.06988,0.3010875,2.230061
2009-03-31 오후 8:55:48,-0.210548,0.2388711,-0.1801994,0.262565,-1.598055,1.81736,-1.369283,1.995829,272,54,47,0,42.70879,0.3011262,2.245351
2009-03-31 오후 8:55:48,-0.2105693,0.2388951,-0.1802175,0.2625915,-1.608208,1.828795,-1.377943,2.008433,273,54,47,0,36.94754,0.3011583,2.260643
Stop Position
2009-03-31 오후 8:55:52,-0.2108029,0.2390545,-0.1804532,0.2627478,-1.608211,1.828797,-1.377945,2.008435,1,1,2008,0,25.50371,0.0002827644,3.33786E-06
End
